chr1	248956422	258848	0
chr2	242193529	169527	0
chr3	198295559	133561	0
chr4	190214555	190797	0
chr5	181538259	127146	0
chr6	170805979	129867	0
chr7	159345973	114258	0
chr8	145138636	101213	0
chr9	138394717	100863	0
chr10	133797422	107578	0
chr11	135086622	90750	0
chr12	133275309	91114	0
chr13	114364328	82853	0
chr14	107043718	56477	0
chr15	101991189	63772	0
chr16	90338345	82669	0
chr17	83257441	70741	0
chr18	80373285	64869	0
chr19	58617616	39128	0
chr20	64444167	66434	0
chr21	46709983	50939	0
chr22	50818468	38405	0
chrX	156040895	108481	0
chrY	57227415	9060	0
chrM	16569	829	0
chr1_KI270706v1_random	175055	933	0
chr1_KI270707v1_random	32032	80	0
chr1_KI270708v1_random	127682	119	0
chr1_KI270709v1_random	66860	3206	0
chr1_KI270710v1_random	40176	69	0
chr1_KI270711v1_random	42210	94	0
chr1_KI270712v1_random	176043	727	0
chr1_KI270713v1_random	40745	122	0
chr1_KI270714v1_random	41717	46	0
chr2_KI270715v1_random	161471	222	0
chr2_KI270716v1_random	153799	631	0
chr3_GL000221v1_random	155397	895	0
chr4_GL000008v2_random	209709	1523	0
chr5_GL000208v1_random	92689	190	0
chr9_KI270717v1_random	40062	132	0
chr9_KI270718v1_random	38054	125	0
chr9_KI270719v1_random	176845	537	0
chr9_KI270720v1_random	39050	143	0
chr11_KI270721v1_random	100316	38	0
chr14_GL000009v2_random	201709	1041	0
chr14_GL000225v1_random	211173	8540	0
chr14_KI270722v1_random	194050	223	0
chr14_GL000194v1_random	191469	694	0
chr14_KI270723v1_random	38115	95	0
chr14_KI270724v1_random	39555	85	0
chr14_KI270725v1_random	172810	452	0
chr14_KI270726v1_random	43739	37	0
chr15_KI270727v1_random	448248	344	0
chr16_KI270728v1_random	1872759	2122	0
chr17_GL000205v2_random	185591	542	0
chr17_KI270729v1_random	280839	1610	0
chr17_KI270730v1_random	112551	549	0
chr22_KI270731v1_random	150754	348	0
chr22_KI270732v1_random	41543	90	0
chr22_KI270733v1_random	179772	7154	0
chr22_KI270734v1_random	165050	654	0
chr22_KI270735v1_random	42811	208	0
chr22_KI270736v1_random	181920	3768	0
chr22_KI270737v1_random	103838	184	0
chr22_KI270738v1_random	99375	190	0
chr22_KI270739v1_random	73985	35	0
chrY_KI270740v1_random	37240	0	0
chrUn_KI270302v1	2274	1	0
chrUn_KI270304v1	2165	1	0
chrUn_KI270303v1	1942	17	0
chrUn_KI270305v1	1472	1	0
chrUn_KI270322v1	21476	2	0
chrUn_KI270320v1	4416	14	0
chrUn_KI270310v1	1201	21	0
chrUn_KI270316v1	1444	4	0
chrUn_KI270315v1	2276	5	0
chrUn_KI270312v1	998	1	0
chrUn_KI270311v1	12399	17	0
chrUn_KI270317v1	37690	4	0
chrUn_KI270412v1	1179	3	0
chrUn_KI270411v1	2646	6	0
chrUn_KI270414v1	2489	2	0
chrUn_KI270419v1	1029	9	0
chrUn_KI270418v1	2145	10	0
chrUn_KI270420v1	2321	1	0
chrUn_KI270424v1	2140	2	0
chrUn_KI270417v1	2043	5	0
chrUn_KI270422v1	1445	7	0
chrUn_KI270423v1	981	3	0
chrUn_KI270425v1	1884	0	0
chrUn_KI270429v1	1361	3	0
chrUn_KI270442v1	392061	1496	0
chrUn_KI270466v1	1233	116	0
chrUn_KI270465v1	1774	6	0
chrUn_KI270467v1	3920	1463	0
chrUn_KI270435v1	92983	284	0
chrUn_KI270438v1	112505	9075	0
chrUn_KI270468v1	4055	7	0
chrUn_KI270510v1	2415	29	0
chrUn_KI270509v1	2318	5	0
chrUn_KI270518v1	2186	28	0
chrUn_KI270508v1	1951	21	0
chrUn_KI270516v1	1300	23	0
chrUn_KI270512v1	22689	53	0
chrUn_KI270519v1	138126	335	0
chrUn_KI270522v1	5674	14	0
chrUn_KI270511v1	8127	32	0
chrUn_KI270515v1	6361	53	0
chrUn_KI270507v1	5353	19	0
chrUn_KI270517v1	3253	43	0
chrUn_KI270529v1	1899	15	0
chrUn_KI270528v1	2983	3	0
chrUn_KI270530v1	2168	5	0
chrUn_KI270539v1	993	0	0
chrUn_KI270538v1	91309	457	0
chrUn_KI270544v1	1202	2	0
chrUn_KI270548v1	1599	1	0
chrUn_KI270583v1	1400	1	0
chrUn_KI270587v1	2969	2	0
chrUn_KI270580v1	1553	4	0
chrUn_KI270581v1	7046	12	0
chrUn_KI270579v1	31033	50	0
chrUn_KI270589v1	44474	137	0
chrUn_KI270590v1	4685	34	0
chrUn_KI270584v1	4513	13	0
chrUn_KI270582v1	6504	7	0
chrUn_KI270588v1	6158	15	0
chrUn_KI270593v1	3041	8	0
chrUn_KI270591v1	5796	57	0
chrUn_KI270330v1	1652	10	0
chrUn_KI270329v1	1040	0	0
chrUn_KI270334v1	1368	0	0
chrUn_KI270333v1	2699	1133	0
chrUn_KI270335v1	1048	0	0
chrUn_KI270338v1	1428	0	0
chrUn_KI270340v1	1428	3	0
chrUn_KI270336v1	1026	79	0
chrUn_KI270337v1	1121	133	0
chrUn_KI270363v1	1803	0	0
chrUn_KI270364v1	2855	1	0
chrUn_KI270362v1	3530	0	0
chrUn_KI270366v1	8320	10	0
chrUn_KI270378v1	1048	0	0
chrUn_KI270379v1	1045	0	0
chrUn_KI270389v1	1298	0	0
chrUn_KI270390v1	2387	3	0
chrUn_KI270387v1	1537	0	0
chrUn_KI270395v1	1143	3	0
chrUn_KI270396v1	1880	2	0
chrUn_KI270388v1	1216	0	0
chrUn_KI270394v1	970	0	0
chrUn_KI270386v1	1788	0	0
chrUn_KI270391v1	1484	0	0
chrUn_KI270383v1	1750	0	0
chrUn_KI270393v1	1308	4	0
chrUn_KI270384v1	1658	2	0
chrUn_KI270392v1	971	0	0
chrUn_KI270381v1	1930	0	0
chrUn_KI270385v1	990	0	0
chrUn_KI270382v1	4215	4	0
chrUn_KI270376v1	1136	0	0
chrUn_KI270374v1	2656	1	0
chrUn_KI270372v1	1650	1	0
chrUn_KI270373v1	1451	0	0
chrUn_KI270375v1	2378	0	0
chrUn_KI270371v1	2805	0	0
chrUn_KI270448v1	7992	11	0
chrUn_KI270521v1	7642	13	0
chrUn_GL000195v1	182896	511	0
chrUn_GL000219v1	179198	366	0
chrUn_GL000220v1	161802	7567	0
chrUn_GL000224v1	179693	1113	0
chrUn_KI270741v1	157432	153	0
chrUn_GL000226v1	15008	5804	0
chrUn_GL000213v1	164239	142	0
chrUn_KI270743v1	210658	1048	0
chrUn_KI270744v1	168472	1300	0
chrUn_KI270745v1	41891	151	0
chrUn_KI270746v1	66486	119	0
chrUn_KI270747v1	198735	289	0
chrUn_KI270748v1	93321	205	0
chrUn_KI270749v1	158759	369	0
chrUn_KI270750v1	148850	307	0
chrUn_KI270751v1	150742	659	0
chrUn_KI270752v1	27745	0	0
chrUn_KI270753v1	62944	157	0
chrUn_KI270754v1	40191	417	0
chrUn_KI270755v1	36723	57	0
chrUn_KI270756v1	79590	205	0
chrUn_KI270757v1	71251	347	0
chrUn_GL000214v1	137718	1674	0
chrUn_KI270742v1	186739	1191	0
chrUn_GL000216v2	176608	3820	0
chrUn_GL000218v1	161147	514	0
chrEBV	171823	2	0
*	0	0	1556863
